-10 0 1134 421 359 521 627 698 55 499 547 589 325 232 278 130 759 736 88 834 516 257 551 1050 759 825 512 656 803 914 446 878 391 520 657 957 502 817 798 847 768 601 734 791 866 787 753 546 377 260 749 241 694 591 825 866 746 574 970 814 22 566 94 159 370 315 838 183 214 103 841 131 784 756 526 281 874 821 478 586 375 403 288 244 930 295 173 172 925 1150 219 311 669 865 694 795 886 166 766 544 
0 -10 820 1134 0 807 953 759 603 753 1099 1008 759 641 1073 928 1088 1048 378 924 1208 731 915 997 825 87 873 870 967 763 612 372 953 274 971 799 725 317 642 640 891 542 725 817 810 842 342 355 760 601 1006 965 763 1015 472 600 828 645 736 561 308 498 1119 716 1159 1026 765 949 353 988 1124 1038 972 1208 954 788 930 981 369 538 915 646 932 865 1012 1045 237 1049 1023 1146 251 108 994 863 794 533 487 509 529 1018 
1134 820 -10 415 643 414 421 807 0 147 517 222 696 416 256 130 494 266 193 282 297 440 382 464 422 192 201 601 734 816 869 230 247 382 710 597 534 172 115 639 732 326 397 425 725 745 644 761 827 635 511 345 227 578 177 342 473 480 208 432 796 334 316 582 403 416 532 401 268 247 475 467 239 543 367 492 541 436 355 211 180 486 404 162 177 517 483 207 503 577 243 258 360 567 795 431 362 270 446 322 
421 1134 415 -10 384 759 260 397 164 622 359 953 147 0 609 359 796 374 162 225 607 120 185 145 231 587 377 376 487 157 102 683 880 904 962 161 311 483 850 648 680 42 187 741 875 448 488 439 852 852 730 855 921 778 657 404 372 612 107 399 486 617 353 468 914 401 455 718 528 362 632 309 203 339 513 610 194 529 341 484 489 427 403 168 78 623 520 119 314 564 547 80 511 721 104 188 247 711 937 444 
359 0 643 384 -10 418 318 559 467 509 888 197 541 311 760 521 759 517 609 0 548 190 468 761 608 118 681 446 660 513 463 888 609 852 709 564 93 673 298 354 743 718 751 442 193 579 650 617 140 497 226 783 916 335 254 128 247 313 427 420 801 390 251 532 800 308 295 489 901 345 780 314 732 685 500 50 593 512 273 226 598 482 409 422 993 532 941 822 727 569 661 720 677 540 187 128 603 329 632 641 
521 807 414 759 418 -10 520 633 638 816 310 218 751 760 513 672 374 508 548 471 361 627 603 222 359 548 0 691 612 407 157 477 479 395 501 510 267 390 679 305 315 423 641 537 827 869 367 203 209 583 686 332 371 196 635 590 322 237 394 647 723 672 763 826 499 361 263 158 691 398 263 619 384 59 363 740 240 247 360 188 618 542 618 482 336 595 253 449 709 555 479 736 437 288 331 403 265 201 312 46 
627 953 421 260 318 520 -10 618 566 427 653 367 461 474 582 355 579 582 475 240 245 121 169 673 474 189 91 510 698 753 696 796 190 691 0 644 945 775 214 870 636 850 701 540 1054 786 994 887 754 151 672 140 178 925 877 882 389 291 636 836 789 57 448 380 916 1076 231 71 106 73 135 412 466 952 537 369 722 952 469 353 634 1053 186 930 444 801 799 677 164 775 701 457 387 680 671 556 603 1156 691 1107 
698 759 807 397 559 633 618 -10 975 906 758 748 840 857 692 333 296 793 482 683 830 710 820 693 829 480 406 912 876 630 789 262 698 646 626 340 55 1099 416 374 468 612 644 0 522 545 539 356 224 312 145 726 751 142 835 530 273 496 1014 704 770 531 658 796 868 391 848 409 521 604 912 461 812 810 796 713 546 679 736 823 749 756 519 323 269 752 186 652 572 832 813 747 539 946 799 34 513 145 171 334 
55 603 0 164 467 638 566 975 -10 260 812 184 170 61 857 126 801 761 542 296 852 809 491 573 319 348 309 191 900 322 186 217 896 1118 164 262 674 853 670 780 835 177 741 525 774 499 1008 256 162 761 407 945 522 0 250 748 183 346 231 377 666 253 496 420 93 251 839 944 1058 1115 42 272 458 958 809 738 120 211 889 976 582 452 324 981 998 884 1007 1073 880 749 338 474 773 265 334 646 732 424 371 1051 
499 753 147 622 509 816 427 906 260 -10 347 569 740 536 505 781 431 352 488 674 656 350 684 496 349 629 295 327 81 231 652 514 99 367 726 706 213 670 771 205 336 353 758 975 605 578 258 545 527 520 1014 347 595 393 873 547 759 130 225 608 157 775 545 250 0 563 340 322 369 420 419 280 583 292 158 310 697 694 903 952 210 119 261 724 710 488 226 41 717 737 395 271 310 768 817 736 843 909 643 508 
547 1099 517 359 888 310 653 758 812 347 -10 217 251 698 293 214 599 509 180 307 851 205 352 501 305 543 615 518 391 351 596 407 365 672 496 385 670 333 229 175 286 409 295 156 118 633 593 302 630 522 329 379 467 509 730 558 479 147 334 277 286 798 383 345 160 644 589 641 494 607 118 477 214 539 748 563 0 695 468 682 556 353 842 675 781 684 582 196 555 350 392 724 663 671 337 311 465 646 580 158 
589 1008 222 953 197 218 367 748 184 569 217 -10 388 169 704 862 261 254 209 286 350 313 303 738 323 366 547 738 402 178 420 839 307 716 231 622 593 568 81 649 548 272 324 491 514 508 486 943 620 894 761 703 581 557 632 656 478 296 231 617 427 517 657 554 676 524 697 394 277 698 670 422 582 300 544 448 412 250 325 1073 266 120 681 479 870 356 183 340 695 0 235 48 215 705 435 313 580 233 117 746 
325 759 696 147 541 751 461 840 170 740 251 388 -10 1000 968 1029 209 411 591 958 689 800 114 299 818 986 545 593 504 948 931 795 925 990 889 772 496 487 641 149 491 505 724 474 545 1002 498 565 837 644 334 711 250 197 423 549 730 211 524 342 532 453 478 490 235 114 743 633 204 434 606 601 79 524 841 41 183 170 831 1058 467 473 410 671 587 626 985 195 662 430 866 232 928 193 185 446 395 636 224 346 
232 641 416 0 311 760 474 857 61 536 698 169 1000 -10 322 468 235 0 215 121 550 546 288 613 329 118 511 847 734 794 343 436 573 756 465 663 227 300 584 791 332 589 600 726 697 560 690 755 695 594 535 329 427 88 531 303 523 361 616 773 525 378 742 582 225 477 232 98 199 328 614 59 357 175 655 349 598 542 343 126 646 589 290 353 381 369 158 329 712 195 96 223 706 933 261 240 455 632 468 563 
278 1073 256 609 760 513 582 692 857 505 293 704 968 322 -10 764 90 542 313 662 278 1088 282 145 660 501 850 312 231 369 682 48 215 0 175 716 481 265 621 275 102 721 1013 943 1005 254 449 625 957 657 815 151 331 798 987 538 629 550 938 912 770 902 966 890 777 536 495 605 137 532 468 722 491 589 988 537 566 861 673 289 692 202 160 411 516 750 181 481 303 580 406 525 532 279 110 766 664 244 456 574 
130 928 130 359 521 672 355 333 126 781 214 862 1029 468 764 -10 574 77 485 859 41 148 122 849 1077 431 448 450 703 604 654 976 160 680 446 864 130 1048 297 231 513 510 701 145 377 420 556 215 121 175 0 669 608 169 705 388 129 564 966 783 847 387 527 679 862 487 784 264 392 653 900 438 691 669 817 767 614 747 809 805 710 624 449 432 130 620 293 632 480 695 853 618 494 862 697 131 551 111 30 302 
759 1088 494 796 759 374 579 296 801 431 599 261 209 235 90 574 -10 347 735 62 310 128 714 259 657 627 398 153 766 700 349 467 406 414 164 310 833 179 43 120 827 1054 258 295 540 743 588 677 856 38 663 432 767 759 378 440 587 463 267 540 726 666 419 353 705 550 716 669 0 648 831 512 577 622 548 298 680 705 628 464 385 326 646 125 610 456 492 326 285 421 640 424 548 561 611 666 240 102 501 223 
736 1048 266 374 517 508 582 793 761 352 509 254 411 0 542 77 347 -10 682 589 503 662 187 242 594 530 476 190 270 278 744 433 780 647 394 607 140 609 769 665 727 840 691 529 594 607 208 325 568 301 604 539 639 695 179 678 645 768 181 393 636 506 500 352 149 274 442 640 118 278 268 736 924 382 377 888 390 1054 751 253 280 842 435 546 481 608 648 0 743 218 221 479 976 877 1183 1231 227 187 314 971 
88 378 193 162 609 548 475 482 542 488 180 209 591 215 313 485 735 682 -10 979 679 346 272 997 974 674 290 74 1035 1095 1015 1123 1189 886 747 165 524 959 482 161 846 772 437 136 1124 188 624 624 426 739 895 677 580 625 856 585 569 902 715 110 866 54 138 210 455 556 387 260 373 899 865 449 874 696 451 565 603 679 867 804 745 150 400 500 416 1063 574 545 433 900 88 1208 464 376 609 679 786 142 496 583 
834 924 282 225 0 471 240 683 296 674 307 286 958 121 662 859 62 589 979 -10 675 313 288 265 169 831 743 0 862 529 277 638 1125 844 910 516 684 844 998 529 947 400 552 745 1040 582 854 810 934 855 688 820 877 948 864 779 613 457 290 775 325 776 649 843 954 775 649 1030 865 109 653 67 197 448 401 902 230 281 189 844 161 789 779 536 302 934 868 493 636 460 490 298 324 998 292 206 144 992 1218 306 
516 1208 297 607 548 361 245 830 852 656 851 350 689 550 278 41 310 503 679 675 -10 398 693 910 756 846 973 205 830 601 904 834 731 422 487 852 305 994 835 420 292 781 580 613 621 705 512 218 862 0 348 585 945 694 1131 1171 382 179 129 836 981 510 471 315 938 828 627 94 165 929 1023 977 1066 1129 750 614 84 462 978 575 89 888 670 363 97 1029 88 550 424 247 832 847 795 676 622 877 416 653 964 788 
257 731 440 120 190 627 121 710 809 350 205 313 800 546 1088 148 128 662 346 313 398 -10 242 959 232 94 349 560 371 200 377 314 908 861 567 920 515 583 663 734 497 663 847 758 171 197 376 244 951 668 396 383 779 516 915 192 157 709 315 887 530 93 158 684 233 329 275 388 577 221 529 348 0 259 791 852 1007 1061 52 185 371 876 777 646 129 121 831 891 515 368 282 907 936 835 952 1019 796 663 263 394 
551 915 382 185 468 603 169 820 491 684 352 303 114 288 282 122 714 187 272 288 693 242 -10 750 262 259 631 653 336 315 983 267 492 647 444 519 724 462 360 437 648 563 348 682 495 328 646 271 257 19 235 559 424 39 276 695 668 232 658 678 240 345 393 665 882 589 542 179 456 436 427 939 354 503 309 792 257 997 201 102 564 423 754 273 251 310 582 117 118 102 129 622 479 277 585 259 0 629 920 852 
1050 997 464 145 761 222 673 693 573 496 501 738 299 613 145 849 259 242 997 265 910 959 750 -10 913 258 408 571 856 577 726 135 276 701 887 437 579 541 837 815 678 808 873 790 679 502 399 532 35 498 400 621 405 570 888 498 467 783 603 260 595 210 102 310 437 665 102 433 245 585 387 528 503 269 25 687 601 221 378 493 485 42 422 771 76 87 159 763 991 360 357 417 642 518 584 875 97 594 358 763 
759 825 422 231 608 359 474 829 319 349 305 323 818 329 660 1077 657 594 974 169 756 232 262 913 -10 551 825 601 683 93 641 151 496 839 697 196 746 511 721 564 548 976 638 945 791 629 0 739 223 284 823 808 844 486 147 661 725 704 126 543 319 876 1006 353 221 50 184 246 485 498 893 483 222 599 891 319 373 582 992 332 872 407 818 777 530 115 631 566 355 238 685 540 406 458 1082 540 1029 913 810 636 
825 87 192 587 118 548 189 480 348 629 543 366 986 118 501 431 627 530 674 831 846 94 259 258 551 -10 750 813 758 632 182 151 670 331 713 705 576 680 720 888 332 273 841 853 605 764 389 564 638 563 415 1050 87 734 880 673 537 672 1014 944 694 555 1000 847 1013 966 298 877 1125 694 852 920 739 0 796 797 904 708 570 300 866 206 900 733 643 250 556 601 849 468 649 734 732 767 260 268 715 521 918 887 
512 873 201 377 681 0 91 406 309 295 615 547 545 511 850 448 398 476 290 743 973 349 631 408 825 750 -10 718 928 384 528 789 575 690 476 283 452 1034 630 1076 945 680 861 294 906 1036 953 933 1122 910 743 867 905 324 496 848 579 845 778 936 958 182 974 942 1066 199 161 907 776 741 498 418 461 460 937 349 569 333 759 873 816 904 298 827 140 704 1058 903 350 968 734 943 783 680 1183 844 1131 1007 852 223 
656 870 601 376 446 691 510 912 191 327 518 738 593 847 312 450 153 190 74 0 205 560 653 571 601 813 718 -10 796 0 66 1041 1008 1021 502 317 773 946 914 193 559 510 1054 1207 334 148 174 68 45 538 603 1087 671 394 822 1086 519 492 769 1187 247 1065 581 939 939 738 288 844 787 571 445 820 762 588 672 1286 728 1236 1109 1026 859 887 979 975 825 385 370 892 523 819 928 798 898 830 955 541 495 1043 1015 770 
803 967 734 487 660 612 698 876 900 81 391 402 504 734 231 703 766 270 1035 862 830 371 336 856 683 758 928 796 -10 928 355 785 787 758 467 825 870 869 962 354 869 178 770 1115 952 392 1029 794 1005 847 705 1231 910 1171 1061 913 284 797 66 0 1096 1054 1058 499 383 791 1003 965 235 554 557 1092 1253 329 157 235 109 42 544 622 1130 715 460 882 1130 585 519 811 1231 229 1108 621 958 971 803 338 909 850 627 510 
914 763 816 157 513 407 753 630 322 231 351 178 948 794 369 604 700 278 1095 529 601 200 315 577 93 632 384 0 928 -10 844 824 653 737 1334 794 1284 1153 1080 919 912 1013 1029 870 450 433 953 589 834 989 860 962 847 958 606 557 1089 1048 804 962 343 848 816 803 476 512 967 230 161 743 367 925 531 42 210 724 209 343 254 387 628 227 516 382 52 258 823 904 1041 1096 0 230 417 925 801 698 123 173 868 941 
446 612 869 102 463 157 696 789 186 652 596 420 931 343 682 654 349 744 1015 277 904 377 983 726 641 182 528 66 355 844 -10 556 411 296 952 976 868 988 1055 846 714 299 442 769 267 294 645 700 387 338 1026 306 538 698 494 517 761 450 360 470 669 615 354 689 501 329 643 273 289 39 236 610 472 68 328 718 695 224 671 730 224 345 376 717 933 604 567 218 503 488 477 985 355 555 358 841 656 763 247 311 
878 372 230 683 888 477 796 262 217 514 407 839 795 436 48 976 467 433 1123 638 834 314 267 135 151 151 789 1041 785 824 556 -10 718 203 877 658 272 119 663 411 436 449 527 464 187 684 179 185 408 808 708 1008 1054 230 0 187 785 827 505 299 137 819 789 498 183 199 848 914 845 947 1012 700 562 98 341 817 397 95 718 585 251 188 939 91 440 478 272 653 720 618 497 467 715 414 475 790 611 281 781 235 
391 953 247 880 609 479 190 698 896 99 365 307 925 573 215 160 406 780 1189 1125 731 908 492 276 496 670 575 1008 787 653 411 718 -10 109 192 382 396 245 207 187 751 709 391 750 528 410 484 558 513 718 677 598 37 273 315 258 876 490 366 251 712 803 612 382 483 751 209 882 796 458 261 671 591 573 625 679 385 314 844 129 371 571 844 570 1021 1058 417 187 0 708 894 382 477 296 828 699 526 36 279 805 
520 274 382 904 852 395 691 646 1118 367 672 716 990 756 0 680 414 647 886 844 422 861 647 701 839 331 690 1021 758 737 296 203 109 -10 907 873 955 1016 622 487 149 363 900 553 153 823 549 266 220 907 128 441 310 119 798 741 779 649 544 802 287 621 908 743 363 922 342 177 379 546 246 74 390 233 827 775 561 856 389 585 638 727 372 553 784 682 204 89 255 115 826 641 268 298 652 914 372 710 850 442 
657 971 710 962 709 501 0 626 164 726 496 231 889 465 175 446 164 394 747 910 487 567 444 887 697 713 476 502 467 1334 952 877 192 907 -10 583 389 868 958 724 337 958 756 957 862 326 971 998 836 876 856 486 300 502 499 925 785 708 0 628 350 881 756 372 58 424 743 965 170 355 468 441 471 86 224 827 485 693 820 828 739 234 545 920 275 802 395 508 595 894 393 963 848 560 661 432 810 845 811 1052 
957 799 597 161 564 510 644 340 262 706 385 622 772 663 716 864 310 607 165 516 852 920 519 437 196 705 283 317 825 794 976 658 382 873 583 -10 955 1016 855 894 848 494 643 859 609 628 566 883 764 377 924 850 977 393 461 730 607 822 664 472 595 160 842 440 567 94 446 953 597 648 193 686 291 391 809 710 311 689 465 657 487 646 979 529 981 777 577 147 866 317 383 801 827 894 628 0 766 690 708 273 
502 725 534 311 93 267 945 55 674 213 670 593 496 227 481 130 833 140 524 684 305 515 724 579 746 576 452 773 870 1284 868 272 396 955 389 955 -10 684 379 922 1019 500 361 185 304 354 619 612 919 533 79 551 917 205 487 628 1015 476 902 478 913 843 425 238 534 496 360 141 776 478 272 366 1088 412 1033 936 794 589 837 874 740 667 84 120 618 206 819 649 509 595 824 1008 232 235 857 916 675 828 537 496 
817 317 172 483 673 390 775 1099 853 670 333 568 487 300 265 1048 179 609 959 844 994 583 462 541 511 680 1034 946 869 1153 988 119 245 1016 868 1016 684 -10 720 599 551 878 274 534 680 579 332 636 848 738 488 465 800 663 815 784 125 679 947 510 646 726 661 206 773 791 698 505 382 350 766 0 698 528 593 328 410 415 657 485 634 669 705 755 270 170 520 335 805 695 522 787 290 326 602 596 495 315 167 263 
798 642 115 850 298 679 214 416 670 771 229 81 641 584 621 297 43 769 482 998 835 663 360 837 721 720 630 914 962 1080 1055 663 207 622 958 855 379 720 -10 864 546 895 760 516 732 95 722 894 787 743 963 716 548 661 709 146 310 643 374 728 662 739 820 54 776 756 877 59 271 761 631 539 323 214 268 494 752 143 370 324 391 971 172 42 650 371 836 409 120 226 646 114 227 151 264 610 346 400 471 129 
847 640 639 648 354 305 870 374 780 205 175 649 149 791 275 231 120 665 161 529 420 734 437 815 564 888 1076 193 354 919 846 411 187 487 724 894 922 599 864 -10 135 725 900 946 1003 123 299 477 881 690 698 0 186 781 904 484 480 410 888 892 771 896 962 807 683 386 400 654 146 382 526 649 372 444 952 387 487 726 531 394 673 333 237 379 555 624 232 567 379 450 521 394 383 136 113 633 519 94 326 607 
768 891 732 680 743 315 636 468 835 336 286 548 491 332 102 513 827 727 846 947 292 497 648 678 548 332 945 559 869 912 714 436 751 149 337 848 1019 551 546 135 -10 589 104 551 737 113 222 265 725 950 485 460 300 557 484 513 923 232 557 332 792 520 799 115 187 617 196 789 521 211 41 580 299 300 331 392 456 272 552 315 121 276 704 733 914 965 173 137 296 756 708 528 186 0 731 770 410 304 311 793 
601 542 326 42 718 423 850 612 177 353 409 272 505 589 721 510 1054 840 772 400 781 663 563 808 976 273 680 510 178 1013 299 449 709 363 958 494 500 878 895 725 589 -10 834 745 856 922 675 542 235 277 692 262 231 587 536 214 318 873 227 376 542 346 517 627 486 362 353 589 448 339 655 475 380 645 326 242 139 251 451 334 115 156 629 593 265 617 563 290 350 432 550 772 546 475 156 372 316 327 824 354 
734 725 397 187 751 641 701 644 741 758 295 324 724 600 1013 701 258 691 437 552 580 847 348 873 638 841 861 1054 770 1029 442 527 391 900 756 643 361 274 760 900 104 834 -10 385 189 674 657 725 639 741 140 635 57 604 889 717 158 818 584 798 653 492 997 745 938 831 701 126 643 193 235 868 819 828 372 273 593 781 731 0 430 323 861 1019 228 114 97 128 192 384 423 896 480 348 669 895 435 305 577 996 
791 817 425 741 442 537 540 0 525 975 156 491 474 726 943 145 295 529 136 745 613 758 682 790 945 853 294 1207 1115 870 769 464 750 553 957 859 185 534 516 946 551 745 385 -10 211 873 388 756 746 636 108 731 651 402 352 632 621 528 560 1099 659 1050 919 849 705 699 786 801 635 301 256 740 450 641 778 660 772 651 797 442 358 854 823 576 736 264 648 596 568 311 957 317 732 875 497 590 448 912 976 737 
866 810 725 875 193 827 1054 522 774 605 118 514 545 697 1005 377 540 594 1124 1040 621 171 495 679 791 605 906 334 952 450 267 187 528 153 862 609 304 680 732 1003 737 856 189 211 -10 388 986 791 987 900 326 974 1040 828 891 887 543 250 559 554 941 789 699 58 684 328 904 770 430 0 461 734 964 226 412 526 499 527 97 229 825 505 748 852 826 789 268 557 915 328 799 421 478 584 938 448 1003 884 597 712 
787 842 745 448 579 869 786 545 499 578 633 508 1002 560 254 420 743 607 188 582 705 197 328 502 629 764 1036 148 392 433 294 684 410 823 326 628 354 579 95 123 113 922 674 873 388 -10 417 846 896 855 1050 1004 1016 853 909 878 475 632 877 620 682 618 913 815 348 953 886 1013 365 410 778 654 825 649 474 585 212 878 434 583 139 502 642 326 448 226 322 380 461 582 395 169 545 332 538 438 285 674 582 627 
753 342 644 488 650 367 994 539 1008 258 593 486 498 690 449 556 588 208 624 854 512 376 646 399 0 389 953 174 1029 953 645 179 484 549 971 566 619 332 722 299 222 675 657 388 986 417 -10 515 437 319 556 510 557 556 498 526 424 379 410 484 410 323 461 0 557 697 404 423 350 449 515 367 289 578 164 403 401 577 378 194 263 678 470 556 100 542 466 484 223 543 424 136 323 403 386 485 401 777 566 727 
546 355 761 439 617 203 887 356 256 545 302 943 565 755 625 215 677 325 624 810 218 244 271 532 739 564 933 68 794 589 700 185 558 266 998 883 612 636 894 477 265 542 725 756 791 846 515 -10 599 534 432 460 498 488 316 326 264 468 410 464 509 426 553 465 673 354 222 532 540 296 451 441 418 343 248 330 817 640 397 488 783 237 916 812 452 271 704 593 589 629 691 421 290 854 94 368 579 876 601 1054 
377 760 827 852 140 209 754 224 162 527 630 620 837 695 957 121 856 568 426 934 862 951 257 35 223 638 1122 45 1005 834 387 408 513 220 836 764 919 848 787 881 725 235 639 746 987 896 437 599 -10 1092 411 183 36 743 922 415 480 304 861 734 557 0 250 841 941 905 988 1050 658 523 128 393 926 564 132 846 584 296 188 943 110 474 336 152 812 774 789 661 569 828 321 635 929 761 332 938 315 153 374 555 
260 601 635 852 497 583 151 312 761 520 522 894 644 594 657 175 38 301 739 855 0 668 19 498 284 563 910 538 847 989 338 808 718 907 876 377 533 738 743 690 950 277 741 636 900 855 319 534 1092 -10 278 106 390 258 854 803 568 878 421 590 650 735 403 578 807 708 194 109 290 150 861 654 303 324 688 798 891 425 439 916 394 1076 810 324 310 862 504 600 550 669 640 74 810 165 282 541 1006 849 1207 1253 
749 1006 511 730 226 686 672 145 407 1014 329 761 334 535 815 0 663 604 895 688 348 396 235 400 823 415 743 603 705 860 1026 708 677 128 856 924 79 488 963 698 485 692 140 108 326 1050 556 432 411 278 -10 296 199 279 965 1019 657 410 311 1019 964 697 250 0 1041 1113 1043 1146 1211 880 741 139 540 1003 541 137 896 778 447 71 1134 164 637 586 397 800 919 743 641 661 901 562 627 957 771 87 928 67 111 274 
241 965 345 855 783 332 140 726 945 347 379 703 711 329 151 669 432 539 677 820 585 383 559 621 808 1050 867 1087 1231 962 306 1008 598 441 486 850 551 465 716 0 460 262 635 731 974 1004 510 460 183 106 296 -10 517 526 353 320 385 940 903 513 925 668 518 626 671 651 827 854 786 165 359 494 390 1066 634 530 450 899 847 542 725 852 335 647 231 796 981 768 261 948 726 938 817 424 1035 934 929 907 837 353 
694 763 227 921 916 371 178 751 522 595 467 581 250 427 331 608 767 639 580 877 945 779 424 405 844 87 905 671 910 847 538 1054 37 310 300 977 917 800 548 186 300 231 57 651 1040 1016 557 498 36 390 199 517 -10 468 334 329 952 848 805 170 500 485 888 793 228 226 404 841 1041 0 187 323 275 301 221 327 906 517 572 802 907 643 263 598 1004 112 881 417 651 702 826 286 909 809 527 561 553 774 744 745 
591 1015 578 778 335 196 925 142 0 393 509 557 197 88 798 169 759 695 625 948 694 516 39 570 486 734 324 394 1171 958 698 230 273 119 502 393 205 663 661 781 557 587 604 402 828 853 556 488 743 258 279 526 468 -10 1126 867 1084 933 926 834 620 748 884 663 518 463 870 664 522 911 814 937 536 629 643 536 885 776 553 697 40 804 542 608 162 768 725 745 852 254 723 71 713 998 817 254 931 697 912 767 
825 472 177 657 254 635 877 835 250 873 730 632 423 531 987 705 378 179 856 864 1131 915 276 888 147 880 496 822 1061 606 494 0 315 798 499 461 487 815 709 904 484 536 889 352 891 909 498 316 922 854 965 353 334 1126 -10 548 1095 855 1023 936 815 221 649 148 157 976 914 907 355 361 634 892 834 114 412 423 941 1113 187 0 176 88 121 392 465 986 573 439 782 986 540 363 667 1086 119 963 476 801 817 746 
866 600 342 404 128 590 882 530 748 547 558 656 549 303 538 388 440 678 585 779 1171 192 695 498 661 673 848 1086 913 557 517 187 258 741 925 730 628 784 146 484 513 214 717 632 887 878 526 326 415 803 1019 320 329 867 548 -10 220 843 765 513 458 687 735 627 671 1195 762 1147 1010 955 818 755 859 908 728 403 365 853 552 678 891 774 886 690 808 550 472 950 893 652 808 212 762 660 663 322 601 817 644 730 
746 828 473 372 247 322 389 273 183 759 479 478 730 523 629 129 587 645 569 613 382 157 668 467 725 537 579 519 284 1089 761 785 876 779 785 607 1015 125 310 480 923 318 158 621 543 475 424 264 480 568 657 385 952 1084 1095 220 -10 128 672 106 546 884 736 209 795 560 770 614 561 1015 688 977 835 678 50 734 174 235 868 845 873 468 185 669 771 745 97 526 350 905 1043 323 176 0 134 196 476 502 927 514 
574 645 480 612 313 237 291 496 346 130 147 296 211 361 550 564 463 768 902 457 179 709 232 783 704 672 845 492 797 1048 450 827 490 649 708 822 476 679 643 410 232 873 818 528 250 632 379 468 304 878 410 940 848 933 855 843 128 -10 263 648 926 367 379 613 1027 291 906 432 830 800 579 132 681 616 398 287 700 590 451 509 1121 587 1069 948 853 685 766 838 802 666 230 201 718 378 720 754 626 731 728 885 
970 736 208 107 427 394 636 1014 231 225 334 231 524 616 938 966 267 181 715 290 129 315 658 603 126 1014 778 769 66 804 360 505 366 544 0 664 902 947 374 888 557 227 584 560 559 877 410 410 861 421 311 903 805 926 1023 765 672 263 -10 382 323 878 877 629 788 358 614 657 597 404 734 810 761 855 247 763 73 679 1007 843 286 925 690 902 747 611 1123 820 1066 952 808 184 732 68 109 988 947 955 441 304 
814 561 432 399 420 647 836 704 377 608 277 617 342 773 912 783 540 393 110 775 836 887 678 260 543 944 936 1187 0 962 470 299 251 802 628 472 478 510 728 892 332 376 798 1099 554 620 484 464 734 590 1019 513 170 834 936 513 106 648 382 -10 705 896 856 128 499 449 988 1146 275 88 134 0 66 473 535 1024 608 384 777 1023 498 424 705 1124 201 1001 516 871 871 712 229 815 749 519 419 751 722 576 643 1226 
22 308 796 486 801 723 789 770 666 157 286 427 532 525 770 847 726 636 866 325 981 530 240 595 319 694 958 247 1096 343 669 137 712 287 350 595 913 646 662 771 792 542 653 659 941 682 410 509 557 650 964 925 500 620 815 458 546 926 323 705 -10 714 1176 1046 971 814 819 912 921 763 361 335 848 506 751 885 759 864 762 890 515 455 982 948 703 861 300 747 719 696 401 791 842 827 921 313 826 135 736 1073 
566 498 334 617 390 672 57 531 253 775 798 517 453 378 902 387 666 506 54 776 510 93 345 210 876 555 182 1065 1054 848 615 819 803 621 881 160 843 726 739 896 520 346 492 1050 789 618 323 426 0 735 697 668 485 748 221 687 884 367 878 896 714 -10 909 350 990 755 966 809 666 1189 877 1129 1019 873 246 767 45 42 1055 1012 1016 471 354 755 962 922 192 527 515 1050 1211 301 121 196 66 0 512 585 1088 672 
94 1119 316 353 251 763 448 658 496 545 383 657 478 742 966 527 419 500 138 649 471 158 393 102 1006 1000 974 581 1058 816 354 789 612 908 756 842 425 661 820 962 799 517 997 919 699 913 461 553 250 403 250 518 888 884 649 735 736 379 877 856 1176 909 -10 432 842 1087 553 479 769 1188 208 1065 579 921 930 770 295 874 812 585 476 805 785 625 702 1291 765 1242 1111 1038 879 873 972 988 827 417 396 913 559 798 
159 716 582 468 532 826 380 796 420 250 345 554 490 582 890 679 353 352 210 843 315 684 665 310 353 847 942 939 499 803 689 498 382 743 372 440 238 206 54 807 115 627 745 849 58 815 0 465 841 578 0 626 793 663 148 627 209 613 629 128 1046 350 432 -10 949 822 926 810 927 572 518 1047 1007 763 921 319 810 776 761 442 866 342 635 778 427 499 412 823 880 643 313 889 695 890 805 240 886 948 750 796 
370 1159 403 914 800 499 916 868 93 0 160 676 235 225 777 862 705 149 455 954 938 233 882 437 221 1013 1066 939 383 476 501 183 483 363 58 567 534 773 776 683 187 486 938 705 684 348 557 673 941 807 1041 671 228 518 157 671 795 1027 788 499 971 990 842 949 -10 790 485 260 538 544 846 700 622 86 619 270 807 675 384 97 367 658 880 221 392 476 473 512 0 139 741 408 678 755 743 708 173 463 834 333 
315 1026 416 401 308 361 1076 391 251 563 644 524 114 477 536 487 550 274 556 775 828 329 589 665 50 966 199 738 791 512 329 199 751 922 424 94 496 791 756 386 617 362 831 699 328 953 697 354 905 708 1113 651 226 463 976 1195 560 291 358 449 814 755 1087 822 790 -10 716 324 433 510 848 381 910 789 503 634 349 751 816 764 967 918 930 769 814 781 412 558 781 527 608 543 815 735 302 856 790 917 318 417 
838 765 532 455 295 263 231 848 839 340 589 697 743 232 495 784 716 442 387 649 627 275 542 102 184 298 161 288 1003 967 643 848 209 342 743 446 360 698 877 400 196 353 701 786 904 886 404 222 988 194 1043 827 404 870 914 762 770 906 614 988 819 966 553 926 485 716 -10 694 567 737 580 387 509 225 783 355 488 73 787 355 511 657 420 361 466 749 749 508 303 772 594 777 710 102 747 864 614 663 679 498 
183 949 401 718 489 158 71 409 944 322 641 394 633 98 605 264 669 640 260 1030 94 388 179 433 246 877 907 844 965 230 273 914 882 177 965 953 141 505 59 654 789 589 126 801 770 1013 423 532 1050 109 1146 854 841 664 907 1147 614 432 657 1146 912 809 479 810 260 324 694 -10 268 603 622 714 562 487 224 612 170 683 542 423 229 289 523 741 327 465 502 535 585 139 0 603 285 658 645 604 660 126 328 696 
214 353 268 528 901 691 106 521 1058 369 494 277 204 199 137 392 0 118 373 865 165 577 456 245 485 1125 776 787 235 161 289 845 796 379 170 597 776 382 271 146 521 448 643 635 430 365 350 540 658 290 1211 786 1041 522 355 1010 561 830 597 275 921 666 769 927 538 433 567 268 -10 435 577 217 336 378 770 383 819 691 417 595 227 653 769 688 828 855 791 631 681 667 294 425 650 391 583 516 701 691 218 741 
103 988 247 362 345 398 73 604 1115 420 607 698 434 328 532 653 648 278 899 109 929 221 436 585 498 694 741 571 554 743 39 947 458 546 355 648 478 350 761 382 211 339 193 301 0 410 449 296 523 150 880 165 0 911 361 955 1015 800 404 88 763 1189 1188 572 544 510 737 603 435 -10 691 817 228 397 639 508 598 451 248 375 342 684 219 357 168 753 760 345 404 801 263 952 756 338 217 738 496 535 536 624 
841 1124 475 632 780 263 135 912 42 419 118 670 606 614 468 900 831 268 865 653 1023 529 427 387 893 852 498 445 557 367 236 1012 261 246 468 193 272 766 631 526 41 655 235 256 461 778 515 451 128 861 741 359 187 814 634 818 688 579 734 134 361 877 208 518 846 848 580 622 577 691 -10 501 165 779 84 263 502 893 715 1087 1130 299 98 149 827 919 520 386 235 896 825 578 128 139 906 986 927 1024 1088 741 
131 1038 467 309 314 619 412 461 272 280 477 422 601 59 722 438 512 736 449 67 977 348 939 528 483 920 418 820 1092 925 610 700 671 74 441 686 366 0 539 649 580 475 868 740 734 654 367 441 393 654 139 494 323 937 892 755 977 132 810 0 335 1129 1065 1047 700 381 387 714 217 817 501 -10 603 0 416 912 493 5 816 644 319 100 1002 25 510 459 263 751 800 712 594 559 810 425 572 888 710 226 879 196 
784 972 239 203 732 384 466 812 458 583 214 582 79 357 491 691 577 924 874 197 1066 0 354 503 222 739 461 762 1253 531 472 562 591 390 471 291 1088 698 323 372 299 380 819 450 964 825 289 418 926 303 540 390 275 536 834 859 835 681 761 66 848 1019 579 1007 622 910 509 562 336 228 165 603 -10 29 265 477 392 222 292 262 844 801 483 847 533 499 581 650 516 702 775 692 86 236 356 253 930 586 391 330 
756 1208 543 339 685 59 952 810 958 292 539 300 524 175 589 669 622 382 696 448 1129 259 503 269 599 0 460 588 329 42 68 98 573 233 86 391 412 528 214 444 300 645 828 641 226 649 578 343 564 324 1003 1066 301 629 114 908 678 616 855 473 506 873 921 763 86 789 225 487 378 397 779 0 29 -10 762 546 601 227 372 390 158 537 519 474 251 323 487 329 495 449 223 524 613 462 394 399 483 521 671 715 
526 954 367 513 500 363 537 796 809 158 748 544 841 655 988 817 548 377 451 401 750 791 309 25 891 796 937 672 157 210 328 341 625 827 224 809 1033 593 268 952 331 326 372 778 412 474 164 248 132 688 541 634 221 643 412 728 50 398 247 535 751 246 930 921 619 503 783 224 770 639 84 416 265 762 -10 442 341 363 485 533 335 400 277 480 505 164 393 540 517 573 514 608 672 408 285 416 0 546 366 415 
281 788 492 610 50 740 369 713 738 310 563 448 41 349 537 767 298 888 565 902 614 852 792 687 319 797 349 1286 235 724 718 817 679 775 827 710 936 328 494 387 392 242 273 660 526 585 403 330 846 798 137 530 327 536 423 403 734 287 763 1024 885 767 770 319 270 634 355 612 383 508 263 912 477 546 442 -10 490 259 99 516 601 394 100 428 313 533 385 560 426 202 454 293 388 589 459 622 639 575 439 413 
874 930 541 194 593 240 722 546 120 697 0 412 183 598 566 614 680 390 603 230 84 1007 257 601 373 904 569 728 109 209 695 397 385 561 485 311 794 410 752 487 456 139 593 772 499 212 401 817 584 891 896 450 906 885 941 365 174 700 73 608 759 45 295 810 807 349 488 170 819 598 502 493 392 601 341 490 -10 386 336 341 375 155 470 414 418 524 384 458 422 545 379 605 457 337 377 383 155 297 548 418 
821 981 436 529 512 247 952 679 211 694 695 250 170 542 861 747 705 1054 679 281 462 1061 997 221 582 708 333 1236 42 343 224 95 314 856 693 689 589 415 143 726 272 251 781 651 527 878 577 640 296 425 778 899 517 776 1113 853 235 590 679 384 864 42 874 776 675 751 73 683 691 451 893 5 222 227 363 259 386 -10 222 92 399 377 1006 578 612 251 691 369 323 773 698 366 641 427 605 432 682 959 457 978 
478 369 355 341 273 360 469 736 889 903 468 325 831 343 673 809 628 751 867 189 978 52 201 378 992 570 759 1109 544 254 671 718 844 389 820 465 837 657 370 531 552 451 731 797 97 434 378 397 188 439 447 847 572 553 187 552 868 451 1007 777 762 1055 812 761 384 816 787 542 417 248 715 816 292 372 485 99 336 222 -10 750 532 222 918 394 460 769 817 900 693 79 805 654 692 348 748 403 926 1003 572 439 
586 538 211 484 226 188 353 823 976 952 682 1073 1058 126 289 805 464 253 804 844 575 185 102 493 332 300 873 1026 622 387 730 585 129 585 828 657 874 485 324 394 315 334 0 442 229 583 194 488 943 916 71 542 802 697 0 678 845 509 843 1023 890 1012 585 442 97 764 355 423 595 375 1087 644 262 390 533 516 341 92 750 -10 263 384 432 678 658 912 546 0 511 909 140 535 636 1005 554 896 504 945 859 357 
375 915 180 489 598 618 634 749 582 210 556 266 467 646 692 710 385 280 745 161 89 371 564 485 872 866 816 859 1130 628 224 251 371 638 739 487 740 634 391 673 121 115 430 358 825 139 263 783 110 394 1134 725 907 40 176 891 873 1121 286 498 515 1016 476 866 367 967 511 229 227 342 1130 319 844 158 335 601 375 399 532 263 -10 300 468 445 357 103 806 432 193 307 1068 334 1012 926 766 547 864 885 712 668 
403 646 486 427 482 542 1053 756 452 119 353 120 473 589 202 624 326 842 150 789 888 876 423 42 407 206 904 887 715 227 345 188 571 727 234 646 667 669 971 333 276 156 323 854 505 502 678 237 474 1076 164 852 643 804 88 774 468 587 925 424 455 471 805 342 658 918 657 289 653 684 299 100 801 537 400 394 155 377 222 384 300 -10 77 143 574 133 859 602 459 534 862 1055 175 220 844 929 694 843 610 446 
288 932 404 403 409 618 186 519 324 261 842 681 410 290 160 449 646 435 400 779 670 777 754 422 818 900 298 979 460 516 376 939 844 372 545 979 84 705 172 237 704 629 861 823 748 642 470 916 336 810 637 335 263 542 121 886 185 1069 690 705 982 354 785 635 880 930 420 523 769 219 98 1002 483 519 277 100 470 1006 918 432 468 77 -10 746 602 612 260 965 177 107 532 398 722 269 265 293 547 149 88 137 
244 865 162 168 422 482 930 323 981 724 675 479 671 353 411 432 125 546 500 536 363 646 273 771 777 733 827 975 882 382 717 91 570 553 920 529 120 755 42 379 733 593 1019 576 852 326 556 812 152 324 586 647 598 608 392 690 669 948 902 1124 948 755 625 778 221 769 361 741 688 357 149 25 847 474 480 428 414 578 394 678 445 143 746 -10 130 589 482 290 575 262 35 599 887 822 882 267 397 553 820 551 
930 1012 177 78 993 336 444 269 998 710 781 870 587 381 516 130 610 481 416 302 97 129 251 76 530 643 140 825 1130 52 933 440 1021 784 275 981 618 270 650 555 914 265 228 736 826 448 100 452 812 310 397 231 1004 162 465 808 771 853 747 201 703 962 702 427 392 814 466 327 828 168 827 510 533 251 505 313 418 612 460 658 357 574 602 130 -10 695 146 262 669 852 401 564 541 802 782 648 777 842 755 645 
295 1045 517 623 532 595 801 752 884 488 684 356 626 369 750 620 456 608 1063 934 1029 121 310 87 115 250 704 385 585 258 604 478 1058 682 802 777 206 170 371 624 965 617 114 264 789 226 542 271 774 862 800 796 112 768 986 550 745 685 611 1001 861 922 1291 499 476 781 749 465 855 753 919 459 499 323 164 533 524 251 769 912 103 133 612 589 695 -10 493 366 511 0 489 381 586 376 565 854 488 432 756 580 
173 237 483 520 941 253 799 186 1007 226 582 183 985 158 181 293 492 648 574 868 88 831 582 159 631 556 1058 370 519 823 567 272 417 204 395 577 819 520 836 232 173 563 97 648 268 322 466 704 789 504 919 981 881 725 573 472 97 766 1123 516 300 192 765 412 473 412 749 502 791 760 520 263 581 487 393 385 384 691 817 546 806 859 260 482 146 493 -10 260 561 225 101 275 413 636 87 422 234 589 388 533 
172 1049 207 119 822 449 677 652 1073 41 196 340 195 329 481 632 326 0 545 493 550 891 117 763 566 601 903 892 811 904 218 653 187 89 508 147 649 335 409 567 137 290 128 596 557 380 484 593 661 600 743 768 417 745 439 950 526 838 820 871 747 527 1242 823 512 558 508 535 631 345 386 751 650 329 540 560 458 369 900 0 432 602 965 290 262 366 260 -10 496 274 38 660 580 223 353 468 457 71 405 741 
925 1023 503 314 727 709 164 572 880 717 555 695 662 712 303 480 285 743 433 636 424 515 118 991 355 849 350 523 1231 1041 503 720 0 255 595 866 509 805 120 379 296 350 192 568 915 461 223 589 569 550 641 261 651 852 782 893 350 802 1066 871 719 515 1111 880 0 781 303 585 681 404 235 800 516 495 517 426 422 323 693 511 193 459 177 575 669 511 561 496 -10 110 88 185 733 961 340 328 409 621 489 561 
1150 1146 577 564 569 555 775 832 749 737 350 0 430 195 580 695 421 218 900 460 247 368 102 360 238 468 968 819 229 1096 488 618 708 115 894 317 595 695 226 450 756 432 384 311 328 582 543 629 828 669 661 948 702 254 986 652 905 666 952 712 696 1050 1038 643 139 527 772 139 667 801 896 712 702 449 573 202 545 773 79 909 307 534 107 262 852 0 225 274 110 -10 840 94 565 329 727 749 763 342 399 800 
219 251 243 547 661 479 701 813 338 395 392 235 866 96 406 853 640 221 88 490 832 282 129 357 685 649 734 928 1108 0 477 497 894 826 393 383 824 522 646 521 708 550 423 957 799 395 424 691 321 640 901 726 826 723 540 808 1043 230 808 229 401 1211 879 313 741 608 594 0 294 263 825 594 775 223 514 454 379 698 805 140 1068 862 532 35 401 489 101 38 88 840 -10 263 952 752 334 214 738 491 531 532 
311 108 258 80 720 736 457 747 474 271 724 48 232 223 525 618 424 479 1208 298 847 907 622 417 540 734 943 798 621 230 985 467 382 641 963 801 1008 787 114 394 528 772 896 317 421 169 136 421 635 74 562 938 286 71 363 212 323 201 184 815 791 301 873 889 408 543 777 603 425 952 578 559 692 524 608 293 605 366 654 535 334 1055 398 599 564 381 275 660 185 94 263 -10 620 503 161 775 89 259 498 891 
669 994 360 511 677 437 387 539 773 310 663 215 928 706 532 494 548 976 464 324 795 936 479 642 406 732 783 898 958 417 355 715 477 268 848 827 232 290 227 383 186 546 480 732 478 545 323 290 929 810 627 817 909 713 667 762 176 718 732 749 842 121 972 695 678 815 710 285 650 756 128 810 86 613 672 388 457 641 692 636 1012 175 722 887 541 586 413 580 733 565 952 620 -10 718 1086 1130 294 95 153 828 
865 863 567 721 540 288 680 946 265 768 671 705 193 933 279 862 561 877 376 998 676 835 277 518 458 767 680 830 971 925 555 414 296 298 560 894 235 326 151 136 0 475 348 875 584 332 403 854 761 165 957 424 809 998 1086 660 0 378 68 519 827 196 988 890 755 735 102 658 391 338 139 425 236 462 408 589 337 427 348 1005 926 220 269 822 802 376 636 223 961 329 752 503 718 -10 917 522 382 231 895 826 
694 794 795 104 187 331 671 799 334 817 337 435 185 261 110 697 611 1183 609 292 622 952 585 584 1082 260 1183 955 803 801 358 475 828 652 661 628 857 602 264 113 731 156 669 497 938 538 386 94 332 282 771 1035 527 817 119 663 134 720 109 419 921 66 827 805 743 302 747 645 583 217 906 572 356 394 285 459 377 605 748 554 766 844 265 882 782 565 87 353 340 727 334 161 1086 917 -10 577 132 137 907 986 
795 533 431 188 128 403 556 34 646 736 311 313 446 240 766 131 666 1231 679 206 877 1019 259 875 540 268 844 541 338 698 841 790 699 914 432 0 916 596 610 633 770 372 895 590 448 438 485 368 938 541 87 934 561 254 963 322 196 754 988 751 313 0 417 240 708 856 864 604 516 738 986 888 253 399 416 622 383 432 403 896 547 929 293 267 648 854 422 468 328 749 214 775 1130 522 577 -10 926 1023 1087 743 
886 487 362 247 603 265 603 513 732 843 465 580 395 455 664 551 240 227 786 144 416 796 0 97 1029 715 1131 495 909 123 656 611 526 372 810 766 675 495 346 519 410 316 435 448 1003 285 401 579 315 1006 928 929 553 931 476 601 476 626 947 722 826 512 396 886 173 790 614 660 701 496 927 710 930 483 0 639 155 682 926 504 864 694 547 397 777 488 234 457 409 763 738 89 294 382 132 926 -10 604 5 415 
166 509 270 711 329 201 1156 145 424 909 646 233 636 632 244 111 102 187 142 992 653 663 629 594 913 521 1007 1043 850 173 763 281 36 710 845 690 828 315 400 94 304 327 305 912 884 674 777 876 153 849 67 907 774 697 801 817 502 731 955 576 135 585 913 948 463 917 663 126 691 535 1024 226 586 521 546 575 297 959 1003 945 885 843 149 553 842 432 589 71 621 342 491 259 95 231 137 1023 604 -10 909 489 
766 529 446 937 632 312 691 171 371 643 580 117 224 468 456 30 501 314 496 1218 964 263 920 358 810 918 852 1015 627 868 247 781 279 850 811 708 537 167 471 326 311 824 577 976 597 582 566 601 374 1207 111 837 744 912 817 644 927 728 441 643 736 1088 559 750 834 318 679 328 218 536 1088 879 391 671 366 439 548 457 572 859 712 610 88 820 755 756 388 405 489 399 531 498 153 895 907 1087 5 909 -10 0 
